00000000000000000000000000000000
00000000011111111111110000000000
00000001110000000000000110000000
00000011100000000000001011100000
00000111000000000000000111100000
00001110000001001100000011100000
00001110000000000000000011000000
00011110000000000000001111000000
00011110000000000000111110000000
00011110000000000011110110000000
00011111111000111111000110000000
00000011111111110000000110000000
00000000000000000000001110000000
00000000000000000000001110000000
00000000000000000000001110000000
00000000000000000000001110000000
00000000000000000000001110000000
00000000000000000000011110000000
00000000000000000000011110000000
00000000000000000000011110000000
00000000000000000000011110000000
00000000000000000000011110000000
00000000000000000000011110000000
00000000000000000000011111000000
00000000000000000000011111000000
00000000000000000000001111000000
00000000000000000000001111000000
00000000000000000000001111000000
00000000000000000000001111000000
00000000000000000000001111000000
00000000000000000000011111000000
00000000000000000000001111000000
